t_2025_12_04_10_50_03
t
2025-12-04 10:50:03
0
2
17 0 0 0
88 3 0 0 0
0 0 0 0 0 1
1
1 1 0 0 0 0 0 0 0 0
-1
0 0 0 0 0 0 0 0 0 0
6
15 20 10 15 4 10
28 7 11 1 15 2
4 4 -4 -4 4 -4
4 -4 -4 4 -4 -4
291
0 0 1
0 1 1
0 2 1
0 3 1
0 4 1
0 5 1
0 6 1
0 7 1
0 8 1
0 9 1
0 10 1
0 11 1
0 12 1
0 13 1
0 14 1
0 15 1
0 16 1
0 17 1
0 18 1
0 19 1
0 20 1
0 21 1
0 22 1
0 23 1
0 24 1
0 25 1
0 26 1
0 27 1
0 28 1
0 29 1
0 30 1
0 31 1
0 32 1
0 33 1
0 34 1
0 35 1
0 36 1
0 37 1
0 38 1
0 39 1
1 0 1
1 1 1
1 2 1
1 3 1
1 4 1
1 5 1
1 6 1
1 7 1
1 8 1
1 9 1
1 10 1
1 11 1
1 12 1
1 13 1
1 18 1
1 19 1
1 20 1
1 26 1
1 27 1
1 28 1
1 29 1
1 36 1
1 37 1
1 38 1
1 39 1
2 0 1
2 1 1
2 2 1
2 3 1
2 4 1
2 5 1
2 6 1
2 7 1
2 8 1
2 9 1
2 10 1
2 11 1
2 12 1
2 13 1
2 18 1
2 19 1
2 20 1
2 26 1
2 27 1
2 28 1
2 29 1
2 36 1
2 37 1
2 38 1
2 39 1
3 0 1
3 1 1
3 2 1
3 3 1
3 4 1
3 5 1
3 6 1
3 7 1
3 8 1
3 9 1
3 10 1
3 11 1
3 12 1
3 13 1
3 18 1
3 19 1
3 20 1
3 26 1
3 27 1
3 28 1
3 29 1
3 36 1
3 37 1
3 38 1
3 39 1
4 0 1
4 1 1
4 2 1
4 3 1
4 4 1
4 5 1
4 6 1
4 7 1
4 8 1
4 9 1
4 10 1
4 11 1
4 12 1
4 13 1
4 26 1
4 27 1
4 28 1
4 29 1
4 36 1
4 37 1
4 38 1
4 39 1
5 0 1
5 36 1
5 37 1
5 38 1
5 39 1
6 0 1
6 36 1
6 37 1
6 38 1
6 39 1
7 0 1
7 39 1
8 0 1
8 39 1
9 0 1
9 39 1
10 0 1
10 39 1
11 0 1
11 39 1
12 0 1
12 39 1
13 0 1
13 39 1
14 0 1
14 39 1
15 0 1
15 39 1
16 0 1
16 39 1
17 0 1
17 39 1
18 0 1
18 39 1
19 0 1
19 8 1
19 9 1
19 10 1
19 11 1
19 12 1
19 35 1
19 36 1
19 37 1
19 38 1
19 39 1
20 0 1
20 8 1
20 9 1
20 10 1
20 11 1
20 12 1
20 23 1
20 24 1
20 25 1
20 26 1
20 35 1
20 36 1
20 37 1
20 38 1
20 39 1
21 0 1
21 1 1
21 2 1
21 3 1
21 8 1
21 9 1
21 10 1
21 11 1
21 12 1
21 23 1
21 24 1
21 25 1
21 26 1
21 35 1
21 36 1
21 37 1
21 38 1
21 39 1
22 0 1
22 1 1
22 2 1
22 3 1
22 8 1
22 9 1
22 10 1
22 11 1
22 12 1
22 23 1
22 24 1
22 25 1
22 26 1
22 35 1
22 36 1
22 37 1
22 38 1
22 39 1
23 0 1
23 1 1
23 2 1
23 3 1
23 8 1
23 9 1
23 10 1
23 11 1
23 12 1
23 23 1
23 24 1
23 25 1
23 26 1
23 35 1
23 36 1
23 37 1
23 38 1
23 39 1
24 0 1
24 1 1
24 2 1
24 3 1
24 4 1
24 5 1
24 6 1
24 7 1
24 8 1
24 9 1
24 10 1
24 11 1
24 12 1
24 13 1
24 14 1
24 15 1
24 16 1
24 17 1
24 18 1
24 19 1
24 20 1
24 21 1
24 22 1
24 23 1
24 24 1
24 25 1
24 26 1
24 27 1
24 28 1
24 29 1
24 30 1
24 31 1
24 32 1
24 33 1
24 34 1
24 35 1
24 36 1
24 37 1
24 38 1
24 39 1
